"Sequence" "DepthBaseMVP" "AdaptiveLuminanceCompensation" "VSP_Enable" "Texture_QPISlice" "Texture_QPPSlice" "FrameToBeEncoded" "Depth_QPISlice" "Depth_QPPSlice" "T1_Rate" "T5_Rate" "D1_Rate" "D5_Rate" "Ratio" "T1_PSNR" "T5_PSNR" "AVE_PSNR" "SUM_Rate"
"1" "kendo" "Enable" "Enable" "Enable" 26 26 10 26 26 389.52 456.84 176.4 251.94 NA 41.80073 41.30637 41.55355 1274.7
"2" "kendo" "Enable" "Enable" "Enable" 26 26 20 28 28 405.58 467.09 143.99 199.48 2.54074591667395 41.78902 41.30996 41.54949 1216.14
"3" "kendo" "Enable" "Enable" "Enable" 26 26 20 29 29 413.72 476.52 126.29 176.86 2.93663203034801 41.80261 41.32589 41.56425 1193.39
"4" "kendo" "Enable" "Enable" "Enable" 26 26 20 30 30 412.95 474.13 110.48 154.22 3.35126558367964 41.81266 41.33495 41.573805 1151.78
"5" "kendo" "Enable" "Enable" "Enable" 26 26 20 31 31 404.3 466.15 98.31 136.96 3.69979172865219 41.78144 41.29445 41.537945 1105.72
"6" "kendo" "Enable" "Enable" "Enable" 26 26 20 32 32 414.02 475.9 85.47 115.77 4.4221824686941 41.80745 41.33414 41.570795 1091.16
"7" "kendo" "Enable" "Enable" "Enable" 26 26 20 33 33 413.42 474.7 76.48 104.95 4.89511106211762 41.78945 41.3236 41.556525 1069.55
"8" "kendo" "Enable" "Enable" "Enable" 26 26 20 34 34 403.71 467.64 65.15 91.96 5.54611418751193 41.78025 41.30197 41.54111 1028.46
"9" "kendo" "Enable" "Enable" "Enable" 26 26 20 35 35 411.87 475.98 57.28 78.68 6.53022947925861 41.80789 41.33617 41.57203 1023.81
"10" "kendo" "Enable" "Enable" "Enable" 26 26 20 36 36 412.31 474.97 48.99 68.82 7.53144894321365 41.79754 41.33105 41.564295 1005.09
"11" "kendo" "Enable" "Enable" "Enable" 26 26 20 37 37 405.54 468.98 43.27 60.13 8.45764023210832 41.755333 41.29311 41.5242215 977.92
"12" "kendo" "Enable" "Enable" "Enable" 26 26 20 38 38 414.96 475.41 36.95 50.99 10.1247441437344 41.79299 41.33519 41.56409 978.31
"13" "kendo" "Enable" "Enable" "Enable" 28 28 20 28 28 281.94 326.3 136.26 197.94 1.81998803111909 40.85049 40.32289 40.58669 942.44
"14" "kendo" "Enable" "Enable" "Enable" 28 28 20 29 29 304.21 344.59 126.89 176.21 2.14054767403497 40.88531 40.32289 40.6041 951.9
"15" "kendo" "Enable" "Enable" "Enable" 28 28 20 30 30 294.67 337.07 110.01 153.77 2.39495033740238 40.83729 40.32801 40.58265 895.52
"16" "kendo" "Enable" "Enable" "Enable" 28 28 20 31 31 301.43 342.56 97.24 137.83 2.73956693750798 40.8868 40.37807 40.632435 879.06
"17" "kendo" "Enable" "Enable" "Enable" 28 28 20 32 32 301.93 343.08 85.43 116.42 3.19549170175873 40.88269 40.3812 40.631945 846.86
"18" "kendo" "Enable" "Enable" "Enable" 28 28 20 33 33 294.25 335.86 76.85 104.31 3.47819606977258 40.82519 40.33396 40.579575 811.27
"19" "kendo" "Enable" "Enable" "Enable" 28 28 20 34 34 302.65 345.23 65.06 92.42 4.11404622809246 40.86898 40.39199 40.630485 805.36
"20" "kendo" "Enable" "Enable" "Enable" 28 28 20 35 35 301.2 344.16 56.94 78.89 4.75123315909593 40.88353 40.39401 40.63877 781.19
"21" "kendo" "Enable" "Enable" "Enable" 28 28 20 36 36 295.21 338.12 49.3 68.81 5.36220472440945 40.81521 40.34704 40.581125 751.44
"22" "kendo" "Enable" "Enable" "Enable" 28 28 20 37 37 303.11 345.27 43.39 59.75 6.28640682567384 40.88377 40.4053 40.644535 751.52
"23" "kendo" "Enable" "Enable" "Enable" 28 28 20 38 38 304.38 345.74 37.4 50.97 7.35679529252009 40.86563 40.39928 40.632455 738.49
"24" "kendo" "Enable" "Enable" "Enable" 30 30 20 28 28 223.98 253.11 145 201.63 1.37636673109656 39.8025 39.35046 39.57648 823.72
"25" "kendo" "Enable" "Enable" "Enable" 30 30 20 29 29 228.87 259.38 126.21 175.82 1.61656126874814 39.88547 39.199 39.542235 790.28
"26" "kendo" "Enable" "Enable" "Enable" 30 30 20 30 30 212.68 245.44 103.56 150.9 1.80036154994891 39.80913 39.30815 39.55864 712.58
"27" "kendo" "Enable" "Enable" "Enable" 30 30 20 31 31 230.3 258.71 98.89 136.42 2.07815222472483 39.88482 39.37136 39.62809 724.32
"28" "kendo" "Enable" "Enable" "Enable" 30 30 20 32 32 223.06 252.39 84.34 116.76 2.36424664346096 39.81332 39.37136 39.59234 676.55
"29" "kendo" "Enable" "Enable" "Enable" 30 30 20 33 33 230.41 256.65 76.41 104.66 2.68989893411388 39.89267 39.3695 39.631085 668.13
"30" "kendo" "Enable" "Enable" "Enable" 30 30 20 34 34 230.48 256.62 64.8 91.17 3.12303648137462 39.89214 39.37943 39.635785 643.07
"31" "kendo" "Enable" "Enable" "Enable" 30 30 20 35 35 223.27 254.52 56.88 78.42 3.53133776792313 39.80672 39.32337 39.565045 613.09
"32" "kendo" "Enable" "Enable" "Enable" 30 30 20 36 36 229.36 257.76 49.11 68.14 4.15454157782516 39.88529 39.39258 39.638935 604.37
"33" "kendo" "Enable" "Enable" "Enable" 30 30 20 37 37 229.93 258.59 43.28 59.83 4.73785277858598 39.88529 39.36802 39.626655 591.63
"34" "kendo" "Enable" "Enable" "Enable" 30 30 20 38 38 222.9 254.19 37.25 50.81 5.41778332954804 39.80938 39.3068 39.55809 565.15
"35" "kendo" "Enable" "Enable" "Enable" 32 32 20 28 28 176.43 194.64 144.23 200.88 1.07522239286025 38.84578 38.3154 38.58059 716.18
"36" "kendo" "Enable" "Enable" "Enable" 32 32 20 29 29 177.76 195.66 110 152.7 1.42146935668062 38.85621 38.29045 38.57333 636.12
"37" "kendo" "Enable" "Enable" "Enable" 32 32 20 30 30 173.52 193.65 110.93 154.19 1.38492003621002 39.80913 39.30815 39.55864 632.29
"38" "kendo" "Enable" "Enable" "Enable" 32 32 20 31 31 176.3 194.25 98.21 137.09 1.57479813004675 38.76393 38.22995 38.49694 605.85
"39" "kendo" "Enable" "Enable" "Enable" 32 32 20 32 32 163.58 185.38 81.42 114.18 1.7840490797546 38.88004 38.32974 38.60489 544.56
"40" "kendo" "Enable" "Enable" "Enable" 32 32 20 33 33 176.38 193.5 76.66 105.14 2.03454345434543 38.87167 38.29184 38.581755 551.68
"41" "kendo" "Enable" "Enable" "Enable" 32 32 20 34 34 172.08 191.61 65.28 91.87 2.31428571428571 38.76825 38.26619 38.51722 520.84
"42" "kendo" "Enable" "Enable" "Enable" 32 32 20 35 35 176.53 194.13 56.69 78.55 2.74075717243419 38.88783 38.33 38.608915 505.9
"43" "kendo" "Enable" "Enable" "Enable" 32 32 20 36 36 176.02 194.6 49.06 69.01 3.13898534767511 38.85608 38.27567 38.565875 488.69
"44" "kendo" "Enable" "Enable" "Enable" 32 32 20 37 37 171.89 193.69 42.63 60.21 3.55484247374562 38.74837 38.24757 38.49797 468.42
"45" "kendo" "Enable" "Enable" "Enable" 32 32 20 38 38 177.09 197.17 37.14 50.26 4.28215102974828 38.86821 38.29548 38.581845 461.66
"46" "kendo" "Enable" "Enable" "Enable" 34 34 20 28 28 138.55 147.91 144.47 200.07 0.831427410460324 37.74477 37.23898 37.491875 631
"47" "kendo" "Enable" "Enable" "Enable" 34 34 20 29 29 134.41 145.51 126.19 176.82 0.923797894458929 37.66689 37.17313 37.42001 582.93
"48" "kendo" "Enable" "Enable" "Enable" 34 34 20 30 30 136.61 148.78 110.22 153.85 1.08073616844019 37.70391 37.23892 37.471415 549.46
"49" "kendo" "Enable" "Enable" "Enable" 34 34 20 31 31 135.89 149.71 98.06 137.96 1.21006694347937 37.72282 37.2429 37.48286 521.62
"50" "kendo" "Enable" "Enable" "Enable" 34 34 20 32 32 133.46 146.06 85.57 116.22 1.3852024381783 37.68336 37.16309 37.423225 481.31
"51" "kendo" "Enable" "Enable" "Enable" 34 34 20 33 33 135.8 149.8 76.36 104.19 1.58183328717807 37.73511 37.25397 37.49454 466.15
"52" "kendo" "Enable" "Enable" "Enable" 34 34 20 34 34 127.98 139.82 60.26 92 1.75883357414948 37.67744 37.19978 37.43861 420.06
"53" "kendo" "Enable" "Enable" "Enable" 34 34 20 35 35 135.8 148.11 56.34 78.81 2.10070292267851 37.68479 37.25438 37.469585 419.06
"54" "kendo" "Enable" "Enable" "Enable" 34 34 20 36 36 135.58 147.37 49.43 68.39 2.40154472924801 37.65014 37.16261 37.406375 400.77
"55" "kendo" "Enable" "Enable" "Enable" 34 34 20 37 37 137.16 150.92 42.93 59.31 2.81768388106416 37.73071 37.25452 37.492615 390.32
"56" "kendo" "Enable" "Enable" "Enable" 34 34 20 38 38 138.15 150.35 37.19 50.54 3.28849880314602 37.69668 37.23384 37.46526 376.23
"57" "kendo" "Enable" "Enable" "Enable" 36 36 20 28 28 106.03 113.32 145.36 202 0.631477429755873 36.54252 36.01028 36.2764 566.71
"58" "kendo" "Enable" "Enable" "Enable" 36 36 20 29 29 106.82 115.88 126.11 175.4 0.738615634638984 36.57935 36.13487 36.35711 524.21
"59" "kendo" "Enable" "Enable" "Enable" 36 36 20 30 30 107.67 115.84 110 154.36 0.845475866243002 36.60632 36.16366 36.38499 487.87
"60" "kendo" "Enable" "Enable" "Enable" 36 36 20 31 31 106.57 114.31 97.91 137.76 0.937242754699368 36.5509 36.05389 36.302395 456.55
"61" "kendo" "Enable" "Enable" "Enable" 36 36 20 32 32 108.29 115.45 85.25 117.68 1.10254767653871 36.56396 36.19032 36.37714 426.67
"62" "kendo" "Enable" "Enable" "Enable" 36 36 20 33 33 109.12 115.57 76.4 103.97 1.24571713699617 36.6081 36.18199 36.395045 405.06
"63" "kendo" "Enable" "Enable" "Enable" 36 36 20 34 34 106 114.92 64.28 91.73 1.41606307287994 36.52846 36.09053 36.309495 376.93
"64" "kendo" "Enable" "Enable" "Enable" 36 36 20 35 35 108.32 116.24 56.43 79.22 1.65543678584593 36.6242 36.16308 36.39364 360.21
"65" "kendo" "Enable" "Enable" "Enable" 36 36 20 36 36 99.62 111.96 44.74 67 1.89350277429748 36.60199 36.03564 36.318815 323.32
"66" "kendo" "Enable" "Enable" "Enable" 36 36 20 37 37 109 118.88 43 60.36 2.2047213622291 36.60334 36.21109 36.407215 331.24
"67" "kendo" "Enable" "Enable" "Enable" 36 36 20 38 38 107.13 113.98 37.58 50.58 2.50805353901996 36.53762 36.0572 36.29741 309.27
"68" "kendo" "Enable" "Enable" "Enable" 38 38 20 28 28 85.99 91.35 144.03 200.31 0.515014230121392 35.40488 35.07354 35.23921 521.68
"69" "kendo" "Enable" "Enable" "Enable" 38 38 20 29 29 87.18 92.26 127.96 176.2 0.589952656496581 35.39966 35.08288 35.24127 483.6
"70" "kendo" "Enable" "Enable" "Enable" 38 38 20 30 30 84.19 88.97 110.41 154.94 0.652572074618428 35.31649 34.99112 35.153805 438.51
"71" "kendo" "Enable" "Enable" "Enable" 38 38 20 31 31 86.28 91.59 97.75 136.54 0.75918733193905 35.42061 35.0993 35.259955 412.16
"72" "kendo" "Enable" "Enable" "Enable" 38 38 20 32 32 86.64 92.16 84.84 116.79 0.886772801666419 35.3759 35.04999 35.212945 380.43
"73" "kendo" "Enable" "Enable" "Enable" 38 38 20 33 33 85.8 90.38 77.09 104.98 0.967649805020047 35.29201 34.99752 35.144765 358.25
"74" "kendo" "Enable" "Enable" "Enable" 38 38 20 34 34 86.71 92.18 64.68 90.77 1.15078803473786 35.36958 35.08355 35.226565 334.34
"75" "kendo" "Enable" "Enable" "Enable" 38 38 20 35 35 87.76 92.49 56.01 78.49 1.34014869888476 35.41539 35.08856 35.251975 314.75
"76" "kendo" "Enable" "Enable" "Enable" 38 38 20 36 36 85.39 92.12 48.87 68.06 1.51808774480458 35.32573 34.95964 35.142685 294.44
"77" "kendo" "Enable" "Enable" "Enable" 38 38 20 37 37 86.86 92.86 43.63 60.02 1.73391220453449 35.43748 35.06915 35.253315 283.37
"78" "kendo" "Enable" "Enable" "Enable" 38 38 20 38 38 79.46 85.92 33.46 49.34 1.99734299516908 35.43466 35.06915 35.251905 248.18
"79" "kendo" "Enable" "Enable" "Enable" 40 40 20 28 28 70.03 71.76 144.15 200.46 0.411450625344592 34.26797 33.99046 34.129215 486.4
"80" "kendo" "Enable" "Enable" "Enable" 40 40 20 29 29 68.56 70.94 125.5 175.03 0.464179948757196 34.15708 33.79503 33.976055 440.03
"81" "kendo" "Enable" "Enable" "Enable" 40 40 20 30 30 69.61 72.49 109.63 154.76 0.537463595446121 34.24811 33.95476 34.101435 406.49
"82" "kendo" "Enable" "Enable" "Enable" 40 40 20 31 31 70.34 72.59 97.39 136.32 0.611569894313466 34.25848 33.99214 34.12531 376.64
"83" "kendo" "Enable" "Enable" "Enable" 40 40 20 32 32 68.28 71.51 85.13 116.21 0.69429820204629 34.12462 33.84542 33.98502 341.13
"84" "kendo" "Enable" "Enable" "Enable" 40 40 20 33 33 70.11 73.52 76.37 105.17 0.791175498512724 34.25986 33.9574 34.10863 325.17
"85" "kendo" "Enable" "Enable" "Enable" 40 40 20 34 34 70.45 72.36 64.69 89.47 0.92637519460301 34.25661 33.96398 34.110295 296.97
"86" "kendo" "Enable" "Enable" "Enable" 40 40 20 35 35 69.68 72.22 56.62 78.37 1.05118897696126 34.12387 33.82532 33.974595 276.89
"87" "kendo" "Enable" "Enable" "Enable" 40 40 20 36 36 71.3 73.25 49.01 68.86 1.22635106473233 34.2574 33.95679 34.107095 262.42
"88" "kendo" "Enable" "Enable" "Enable" 40 40 20 37 37 71.58 74.03 43.75 60.72 1.39379726237197 34.28082 33.99039 34.135605 250.08
"89" "kendo" "Enable" "Enable" "Enable" 40 40 20 38 38 70 73.31 36.61 51.24 1.63130335799659 34.143 33.76722 33.95511 231.16
"90" "kendo " "Enable" "Enable" "Enable" 40 40 10 40 40 65.8 72.04 25.56 35.38 NA 34.21077 33.84341 34.02709 198.78
"91" "kendo " "Disable" "Enable" "Disable" 26 26 10 26 26 499.48 565.8 174.94 252.4 NA 41.68658 41.20007 41.443325 1492.62
"92" "kendo" "Disable" "Enable" "Disable" 28 28 10 28 28 386.12 438.94 137.26 197.74 NA 40.80244 40.24156 40.522 1160.06
"93" "kendo " "Disable" "Enable" "Disable" 30 30 10 30 30 301.34 346.12 119.9 174.4 NA 39.75321 39.18298 39.468095 941.76
"94" "kendo" "Disable" "Enable" "Disable" 32 32 10 32 32 246.8 279.76 80.9 115.06 NA 38.80503 38.22771 38.51637 722.52
"95" "kendo " "Disable" "Enable" "Disable" 34 34 10 34 34 202.1 229.1 60.28 90.28 NA 37.77197 37.03368 37.402825 581.76
"96" "kendo" "Disable" "Enable" "Disable" 36 36 10 36 36 164.74 189.04 70.86 103.54 NA 36.53947 35.79123 36.16535 528.18
"97" "kendo " "Disable" "Enable" "Disable" 38 38 10 38 38 143.66 158.56 33.34 48.44 NA 35.4769 34.75489 35.115895 384
"98" "kendo" "Disable" "Enable" "Disable" 40 40 10 40 40 120.7 140.7 25.26 36.56 NA 34.28295 33.38369 33.83332 323.22
"99" "kendo " "Enable" "Enable" "Disable" 26 26 10 26 26 387.96 458.04 180.96 259.08 NA 41.79763 41.29561 41.54662 1286.04
"100" "kendo" "Enable" "Enable" "Disable" 28 28 10 28 28 292.22 339.76 137.26 197.74 NA 40.89437 40.38373 40.63905 966.98
"101" "kendo " "Enable" "Enable" "Disable" 30 30 10 30 30 218.12 254.22 104.22 150.96 NA 39.9263 39.38958 39.65794 727.52
"102" "kendo" "Enable" "Enable" "Disable" 32 32 10 32 32 166.26 189.22 100.9 145.4 NA 38.83597 38.27498 38.555475 601.78
"103" "kendo " "Enable" "Enable" "Disable" 34 34 10 34 34 131.36 146.04 60.28 90.28 NA 37.76182 37.2421 37.50196 427.96
"104" "kendo" "Enable" "Enable" "Disable" 36 36 10 36 36 102.46 115.22 44.74 68.58 NA 36.6988 36.15607 36.427435 331
"105" "kendo " "Enable" "Enable" "Disable" 38 38 10 38 38 80.24 90.28 61.42 87.88 NA 35.45392 36.15607 35.804995 319.82
"106" "kendo " "Enable" "Enable" "Disable" 40 40 10 40 40 67.88 74.44 25.26 36.56 NA 34.433 34.03416 34.23358 204.14
"107" "kendo " "Enable" "Disable" "Enable" 26 26 10 26 26 426.64 507.2 174.94 252.4 NA 41.61395 41.046 41.329975 1361.18
"108" "kendo" "Enable" "Disable" "Enable" 28 28 10 28 28 303.5 370.34 147.72 213.76 NA 40.61783 40.06826 40.343045 1035.32
"109" "kendo " "Enable" "Disable" "Enable" 30 30 10 30 30 235.74 283.54 104.22 150.96 NA 39.72161 39.09309 39.40735 774.46
"110" "kendo" "Enable" "Disable" "Enable" 32 32 10 32 32 175.62 204.96 80.9 115.06 NA 38.73565 37.96629 38.35097 576.54
"111" "kendo " "Enable" "Disable" "Enable" 34 34 10 34 34 135.22 158.76 82.68 122.86 NA 37.55607 36.88494 37.220505 499.52
"112" "kendo" "Enable" "Disable" "Enable" 36 36 10 36 36 108.68 124.92 44.74 68.58 NA 36.56672 35.92188 36.2443 346.92
"113" "kendo " "Enable" "Disable" "Enable" 38 38 10 38 38 80.78 90.2 33.34 48.44 NA 35.39647 34.86064 35.128555 252.76
"114" "kendo" "Enable" "Disable" "Enable" 40 40 10 40 40 69.84 77.58 54.72 76.94 NA 34.17113 33.61795 33.89454 279.08
"115" "kendo" "Enable" "Enable" "Enable" 26 26 100 26 26 394.9 404.43 156.3 211.22 NA 41.81274 41.29554 41.55414 1166.85
"116" "kendo" "Enable" "Enable" "Enable" 26 26 100 28 28 394.15 405.13 121.09 164.21 2.80154223624255 41.81797 41.29628 41.557125 1084.58
"117" "kendo" "Enable" "Enable" "Enable" 26 26 100 29 29 394.02 404.81 105.5 143.05 3.21396097364715 41.8138 41.29153 41.552665 1047.38
"118" "kendo" "Enable" "Enable" "Enable" 26 26 100 30 30 394.16 405.11 91.78 124.38 3.69758512213175 41.8119 41.28881 41.550355 1015.43
"119" "kendo" "Enable" "Enable" "Enable" 26 26 100 31 31 395.15 404.09 81.64 110.69 4.1555659543493 41.81591 41.30201 41.55896 991.57
"120" "kendo" "Enable" "Enable" "Enable" 26 26 100 32 32 394.91 404.96 69.96 94.87 4.85269671783049 41.81612 41.29935 41.557735 964.7
"121" "kendo" "Enable" "Enable" "Enable" 26 26 100 33 33 393.74 406.1 62.54 84.45 5.44145860262603 41.80777 41.29328 41.550525 946.83
"122" "kendo" "Enable" "Enable" "Enable" 26 26 100 34 34 394.63 404.6 54.42 73.47 6.24935491437954 41.8024 41.30141 41.551905 927.12
"123" "kendo" "Enable" "Enable" "Enable" 26 26 100 35 35 393.86 405.91 47.89 64.38 7.12363053353523 41.80735 41.29634 41.551845 912.04
"124" "kendo" "Enable" "Enable" "Enable" 26 26 100 36 36 394.57 406.19 42.3 56.34 8.11800486618005 41.79515 41.3014 41.548275 899.4
"125" "kendo" "Enable" "Enable" "Enable" 26 26 100 37 37 394.74 407.38 37.66 48.59 9.29994202898551 41.80378 41.29208 41.54793 888.37
"126" "kendo" "Enable" "Enable" "Enable" 26 26 100 38 38 395.54 406.8 33.15 42.34 10.6284276063055 41.80492 41.2965 41.55071 877.83
"127" "kendo" "Enable" "Enable" "Enable" 28 28 100 28 28 295.43 300.06 119.44 161.91 2.11654522836325 40.85986 40.36729 40.613575 876.84
"128" "kendo" "Enable" "Enable" "Enable" 28 28 100 29 29 289.26 292.65 106 143.18 2.33529978328919 40.80455 40.31654 40.560545 831.09
"129" "kendo" "Enable" "Enable" "Enable" 28 28 100 30 30 288.51 292.76 91.85 124.81 2.68286716514354 40.80614 40.31988 40.56301 797.93
"130" "kendo" "Enable" "Enable" "Enable" 28 28 100 31 31 288.09 292.74 81.22 110.63 3.02752150117279 40.81369 40.31459 40.56414 772.68
"131" "kendo" "Enable" "Enable" "Enable" 28 28 100 32 32 289.24 293.31 70.07 94.6 3.53768142345297 40.79862 40.31026 40.55444 747.22
"132" "kendo" "Enable" "Enable" "Enable" 28 28 100 33 33 287.72 293.18 62.86 84.31 3.9471359652103 40.79546 40.32347 40.559465 728.07
"133" "kendo" "Enable" "Enable" "Enable" 28 28 100 34 34 288.5 293.17 54.61 74.07 4.52028287224122 40.80649 40.32095 40.56372 710.35
"134" "kendo" "Enable" "Enable" "Enable" 28 28 100 35 35 289.44 293.82 48.02 64.34 5.19099323602706 40.79745 40.31167 40.55456 695.62
"135" "kendo" "Enable" "Enable" "Enable" 28 28 100 36 36 288.8 294.29 42.33 56.4 5.90590499341639 40.80553 40.29963 40.55258 681.82
"136" "kendo" "Enable" "Enable" "Enable" 28 28 100 37 37 289.4 294.52 37.83 48.65 6.75208140610546 40.78682 40.31934 40.55308 670.4
"137" "kendo" "Enable" "Enable" "Enable" 28 28 100 38 38 289.27 294.54 33.21 42.16 7.74592012737163 40.78474 40.3153 40.55002 659.18
"138" "kendo" "Enable" "Enable" "Enable" 30 30 100 28 28 218.86 218.21 120.78 163.9 1.53530279612196 39.73044 39.27341 39.501925 721.75
"139" "kendo" "Enable" "Enable" "Enable" 30 30 100 29 29 218.25 218.67 105.63 142.71 1.7593621647741 39.72966 39.268 39.49883 685.26
"140" "kendo" "Enable" "Enable" "Enable" 30 30 100 30 30 218.69 218.98 91.5 124.93 2.02222427574735 39.72947 39.2854 39.507435 654.1
"141" "kendo" "Enable" "Enable" "Enable" 30 30 100 31 31 218.53 218.7 81.35 110.87 2.27463323275414 39.73487 39.27045 39.50266 629.45
"142" "kendo" "Enable" "Enable" "Enable" 30 30 100 32 32 219.08 219.48 70.16 94.77 2.65906748317468 39.72631 39.28637 39.50634 603.49
"143" "kendo" "Enable" "Enable" "Enable" 30 30 100 33 33 218.94 219.03 62.22 84.25 2.9901686352154 39.72387 39.27119 39.49753 584.44
"144" "kendo" "Enable" "Enable" "Enable" 30 30 100 34 34 219.28 219.42 54.47 73.63 3.42466822794692 39.72644 39.28244 39.50444 566.8
"145" "kendo" "Enable" "Enable" "Enable" 30 30 100 35 35 219.38 219.1 47.85 64.51 3.90245639017444 39.72869 39.27493 39.50181 550.84
"146" "kendo" "Enable" "Enable" "Enable" 30 30 100 36 36 219.44 219.98 42.43 55.99 4.46474293842715 39.723 39.26747 39.495235 537.84
"147" "kendo" "Enable" "Enable" "Enable" 30 30 100 37 37 219.78 220.23 37.66 48.59 5.1015652173913 39.72202 39.26089 39.491455 526.26
"148" "kendo" "Enable" "Enable" "Enable" 30 30 100 38 38 219.66 220.53 33.21 42.16 5.84038742205121 39.71449 39.26709 39.49079 515.56
"149" "kendo" "Enable" "Enable" "Enable" 32 32 100 28 28 168.2 164.18 120.75 163.37 1.16985780656061 38.57565 38.158 38.366825 616.5
"150" "kendo" "Enable" "Enable" "Enable" 32 32 100 29 29 167.35 163.2 105.34 142.75 1.33237937845137 38.571 38.14363 38.357315 578.64
"151" "kendo" "Enable" "Enable" "Enable" 32 32 100 30 30 166.78 163.58 91.73 124.49 1.52788826195542 38.571 38.12553 38.348265 546.58
"152" "kendo" "Enable" "Enable" "Enable" 32 32 100 31 31 167.67 164.07 81.62 110.64 1.72547591802767 38.58992 38.14506 38.36749 524
"153" "kendo" "Enable" "Enable" "Enable" 32 32 100 32 32 170.69 167.97 68.1 91.55 2.12126526777325 38.66726 38.20969 38.438475 498.31
"154" "kendo" "Enable" "Enable" "Enable" 32 32 100 33 33 167.66 164.36 62.46 84.53 2.2587931151779 38.56902 38.121 38.34501 479.01
"155" "kendo" "Enable" "Enable" "Enable" 32 32 100 34 34 167.07 164.48 54.42 73.56 2.59063916236912 38.56628 38.156 38.36114 459.53
"156" "kendo" "Enable" "Enable" "Enable" 32 32 100 35 35 166.75 164.48 48.3 64.01 2.94924761819963 38.58582 38.14053 38.363175 443.54
"157" "kendo" "Enable" "Enable" "Enable" 32 32 100 36 36 167.98 164.27 42.34 56.05 3.37686756784226 38.58329 38.145 38.364145 430.64
"158" "kendo" "Enable" "Enable" "Enable" 32 32 100 37 37 167.81 165.56 37.54 48.77 3.86247248291044 38.58055 38.1341 38.357325 419.68
"159" "kendo" "Enable" "Enable" "Enable" 32 32 100 38 38 168.13 166.18 33.39 42.12 4.42736061448815 38.58269 38.14379 38.36324 409.82
"160" "kendo" "Enable" "Enable" "Enable" 34 34 100 28 28 128.52 123.8 121.23 164.24 0.883875713735244 37.41982 37.01225 37.216035 537.79
"161" "kendo" "Enable" "Enable" "Enable" 34 34 100 29 29 128.46 123.82 105.68 142.72 1.01561996779388 37.42348 37.0228 37.22314 500.68
"162" "kendo" "Enable" "Enable" "Enable" 34 34 100 30 30 128.84 123.66 91.71 124.74 1.16655116655117 37.43348 37.02402 37.22875 468.95
"163" "kendo" "Enable" "Enable" "Enable" 34 34 100 31 31 128.44 124.16 81.02 110.92 1.31603626133167 37.42347 37.01523 37.21935 444.54
"164" "kendo" "Enable" "Enable" "Enable" 34 34 100 32 32 128.99 124.02 69.84 94.51 1.53945847277152 37.42089 37.00521 37.21305 417.36
"165" "kendo" "Enable" "Enable" "Enable" 34 34 100 33 33 129.15 124.51 62.32 83.95 1.73419019621248 37.4352 37.00846 37.22183 399.93
"166" "kendo" "Enable" "Enable" "Enable" 34 34 100 34 34 132.19 127.51 52.14 70.31 2.12086565945284 37.51736 37.08477 37.301065 382.15
"167" "kendo" "Enable" "Enable" "Enable" 34 34 100 35 35 129.03 124.61 48.05 63.9 2.2656543099598 37.427 37.0048 37.2159 365.59
"168" "kendo" "Enable" "Enable" "Enable" 34 34 100 36 36 129.38 125.12 42.07 56 2.59508514326502 37.44836 37.00922 37.22879 352.57
"169" "kendo" "Enable" "Enable" "Enable" 34 34 100 37 37 128.47 125.35 37.54 48.7 2.94318181818182 37.43856 37.00706 37.22281 340.06
"170" "kendo" "Enable" "Enable" "Enable" 34 34 100 38 38 129.32 125.88 32.96 42.05 3.40221303826157 37.43142 36.99564 37.21353 330.21
"171" "kendo" "Enable" "Enable" "Enable" 36 36 100 28 28 102.26 95.21 120.72 163.35 0.695145562713416 36.23628 35.84334 36.03981 481.54
"172" "kendo" "Enable" "Enable" "Enable" 36 36 100 29 29 101.95 95.06 105.41 142.06 0.796096496545036 36.2376 35.85723 36.047415 444.48
"173" "kendo" "Enable" "Enable" "Enable" 36 36 100 30 30 101.41 95.91 91.73 123.99 0.914704246245133 36.22483 35.86205 36.04344 413.04
"174" "kendo" "Enable" "Enable" "Enable" 36 36 100 31 31 101.94 95.63 81.23 110.4 1.03099723425351 36.25331 35.85098 36.052145 389.2
"175" "kendo" "Enable" "Enable" "Enable" 36 36 100 32 32 102.05 96.03 70.11 94.34 1.20449984797811 36.2321 35.87255 36.052325 362.53
"176" "kendo" "Enable" "Enable" "Enable" 36 36 100 33 33 101.77 96.08 62.46 83.73 1.35337574389493 36.23593 35.86676 36.051345 344.04
"177" "kendo" "Enable" "Enable" "Enable" 36 36 100 34 34 101.97 95.61 54.42 73.57 1.5437143526838 36.2364 35.87449 36.055445 325.57
"178" "kendo" "Enable" "Enable" "Enable" 36 36 100 35 35 101.9 96.62 48.06 63.82 1.77440114408295 36.22217 35.87539 36.04878 310.4
"179" "kendo" "Enable" "Enable" "Enable" 36 36 100 36 36 101.83 97.04 42.13 56.19 2.02268104149715 36.23591 35.86383 36.04987 297.19
"180" "kendo" "Enable" "Enable" "Enable" 36 36 100 37 37 101.97 97.49 37.43 48.62 2.31795467751307 36.25406 35.8641 36.05908 285.51
"181" "kendo" "Enable" "Enable" "Enable" 36 36 100 38 38 102.26 97.84 32.99 42.14 2.66338346865433 36.21963 35.88011 36.04987 275.23
"182" "kendo" "Enable" "Enable" "Enable" 38 38 100 28 28 81 75.14 120.13 163.56 0.550389509676055 34.93262 34.74055 34.836585 439.83
"183" "kendo" "Enable" "Enable" "Enable" 38 38 100 29 29 80.82 74.93 105.32 142.46 0.628581806441198 34.91702 34.72384 34.82043 403.53
"184" "kendo" "Enable" "Enable" "Enable" 38 38 100 30 30 81.35 74.67 91.53 125.06 0.720347199778383 34.90994 34.60761 34.758775 372.61
"185" "kendo" "Enable" "Enable" "Enable" 38 38 100 31 31 80.77 74.61 81.32 110.47 0.810156942489181 34.92543 34.72125 34.82334 347.17
"186" "kendo" "Enable" "Enable" "Enable" 38 38 100 32 32 81.1 74.61 70.01 94.71 0.94530111704711 34.93542 34.72106 34.82824 320.43
"187" "kendo" "Enable" "Enable" "Enable" 38 38 100 33 33 81 75.69 62.76 83.94 1.0680981595092 34.918 34.71981 34.818905 303.39
"188" "kendo" "Enable" "Enable" "Enable" 38 38 100 34 34 81.16 75.59 54.25 73.4 1.22796709753231 34.907 34.71283 34.809915 284.4
"189" "kendo" "Enable" "Enable" "Enable" 38 38 100 35 35 80.87 75.09 48.1 63.89 1.39262434145906 34.896 34.71946 34.80773 267.95
"190" "kendo" "Enable" "Enable" "Enable" 38 38 100 36 36 80.86 75.59 42.19 56.08 1.59204233234965 34.932 34.70513 34.818565 254.72
"191" "kendo" "Enable" "Enable" "Enable" 38 38 100 37 37 80.46 76.33 37.39 48.56 1.82420011634671 34.93398 34.67517 34.804575 242.74
"192" "kendo" "Enable" "Enable" "Enable" 38 38 100 38 38 81.01 76.55 33.06 42.36 2.08910103420843 34.93759 34.67363 34.80561 232.98
"193" "kendo" "Enable" "Enable" "Enable" 40 40 100 28 28 64.4 59.44 119.87 163.24 0.437427148458196 33.66462 33.57301 33.618815 406.95
"194" "kendo" "Enable" "Enable" "Enable" 40 40 100 29 29 64.68 59.38 105.16 142.19 0.501556498888215 33.66741 33.57102 33.619215 371.41
"195" "kendo" "Enable" "Enable" "Enable" 40 40 100 30 30 64.49 59.55 91.67 124.26 0.574445422127541 33.67945 33.56411 33.62178 339.97
"196" "kendo" "Enable" "Enable" "Enable" 40 40 100 31 31 64.23 59.57 80.74 110.41 0.64765890661784 33.67429 33.56741 33.62085 314.95
"197" "kendo" "Enable" "Enable" "Enable" 40 40 100 32 32 64.06 60.1 69.78 94.49 0.755828818408717 33.66756 33.56026 33.61391 288.43
"198" "kendo" "Enable" "Enable" "Enable" 40 40 100 33 33 64.36 59.76 62.39 83.96 0.848103860608131 33.66516 33.5592 33.61218 270.47
"199" "kendo" "Enable" "Enable" "Enable" 40 40 100 34 34 63.61 59.82 54.52 73.26 0.965957113789325 33.67269 33.55841 33.61555 251.21
"200" "kendo" "Enable" "Enable" "Enable" 40 40 100 35 35 64.28 60.42 47.83 63.75 1.11758379637928 33.6455 33.58356 33.61453 236.28
"201" "kendo" "Enable" "Enable" "Enable" 40 40 100 36 36 64.05 60.49 42.28 55.64 1.2718545751634 33.66587 33.55392 33.609895 222.46
"202" "kendo" "Enable" "Enable" "Enable" 40 40 100 37 37 64.02 60.92 37.26 48.25 1.46111565898725 33.66678 33.57641 33.621595 210.45
"203" "kendo" "Enable" "Enable" "Enable" 40 40 100 38 38 64.48 61.32 32.97 41.98 1.67845230153436 33.66327 33.56171 33.61249 200.75
"204" "kendo " "Enable" "Enable" "Enable" 40 40 100 40 40 66.6 63.26 22.99 28.53 NA 33.19795 33.68057 33.43926 181.38
"205" "kendo " "Disable" "Enable" "Disable" 26 26 100 26 26 502.65 515.84 156.3 211.22 NA 41.59892 41.08599 41.342455 1386.01
"206" "kendo" "Disable" "Enable" "Disable" 28 28 100 28 28 389.16 395.92 120.85 163.27 NA 40.58903 40.06044 40.324735 1069.2
"207" "kendo " "Disable" "Enable" "Disable" 30 30 100 30 30 311.08 315.19 91.5 124.93 NA 39.52142 38.99324 39.25733 842.7
"208" "kendo" "Disable" "Enable" "Disable" 32 32 100 32 32 250.91 251.15 70.28 95.06 NA 38.40035 37.8678 38.134075 667.4
"209" "kendo " "Disable" "Enable" "Disable" 34 34 100 34 34 206.64 205.98 54.56 73.5 NA 37.21087 36.69928 36.955075 540.68
"210" "kendo" "Disable" "Enable" "Disable" 36 36 100 36 36 176.42 176.41 42.13 56.19 NA 36.044 35.45778 35.75089 451.15
"211" "kendo " "Disable" "Enable" "Disable" 38 38 100 38 38 152.23 151.34 33.06 42.36 NA 34.78929 34.22906 34.509175 378.99
"212" "kendo" "Disable" "Enable" "Disable" 40 40 100 40 40 133.79 134.12 25.86 32.45 NA 33.47069 32.88893 33.17981 326.22
"213" "kendo " "Enable" "Enable" "Disable" 26 26 100 26 26 395.01 407.43 156.3 211.22 NA 41.81553 41.28937 41.55245 1169.96
"214" "kendo" "Enable" "Enable" "Disable" 28 28 100 28 28 289.52 294.13 120.85 163.27 NA 40.80976 40.31179 40.560775 867.77
"215" "kendo " "Enable" "Enable" "Disable" 30 30 100 30 30 220.77 219.87 91.5 124.93 NA 39.73586 39.27947 39.507665 657.07
"216" "kendo" "Enable" "Enable" "Disable" 32 32 100 32 32 169.04 165.77 70.28 95.06 NA 38.59096 38.16485 38.377905 500.15
"217" "kendo " "Enable" "Enable" "Disable" 34 34 100 34 34 131.42 126.55 54.56 73.5 NA 37.44893 37.0178 37.233365 386.03
"218" "kendo" "Enable" "Enable" "Disable" 36 36 100 36 36 103.47 99.28 42.13 56.19 NA 36.24868 35.86249 36.055585 301.07
"219" "kendo " "Enable" "Enable" "Disable" 38 38 100 38 38 82.18 79.39 33.06 42.36 NA 34.91674 34.68299 34.799865 236.99
"220" "kendo " "Enable" "Enable" "Disable" 40 40 100 40 40 66.23 63.09 25.86 32.45 NA 33.67431 33.5165 33.595405 187.63
"221" "kendo " "Enable" "Disable" "Enable" 26 26 100 26 26 434.51 452.94 156.3 211.22 NA 41.53402 41.05542 41.29472 1254.97
"222" "kendo" "Enable" "Disable" "Enable" 28 28 100 28 28 326.99 340.43 119.44 161.91 NA 40.53782 40.02623 40.282025 948.77
"223" "kendo " "Enable" "Disable" "Enable" 30 30 100 30 30 248.68 256.11 89.95 122.07 NA 39.50353 38.96877 39.23615 716.81
"224" "kendo" "Enable" "Disable" "Enable" 32 32 100 32 32 184.34 185.68 70.28 95.06 NA 38.23479 37.70853 37.97166 535.36
"225" "kendo " "Enable" "Disable" "Enable" 34 34 100 34 34 144.28 141.63 52.14 70.31 NA 37.19376 36.67793 36.935845 408.36
"226" "kendo" "Enable" "Disable" "Enable" 36 36 100 36 36 112.11 107.47 39.3 52.28 NA 35.99873 35.57977 35.78925 311.16
"227" "kendo " "Enable" "Disable" "Enable" 38 38 100 38 38 86.32 80.53 33.06 42.36 NA 34.63627 34.31017 34.47322 242.27
"228" "kendo" "Enable" "Disable" "Enable" 40 40 100 40 40 67.18 62 25.86 32.45 NA 33.3539 33.17891 33.266405 187.49
